0 0 -0.2376
0.0656691 -0.2021121 -0.1062583
-0.1719273 -0.1249111 -0.1062583
-0.1719273 -0.1249111 -0.1062583
-0.1719273 0.1249111 -0.1062583
0 0 -0.2376
0 0 -0.2376
0.2125154 0 -0.1062583
0.0656691 -0.2021121 -0.1062583
0 0 -0.2376
0.0656691 0.2021121 -0.1062583
0.2125154 0 -0.1062583
0 0 -0.2376
-0.1719273 0.1249111 -0.1062583
0.0656691 0.2021121 -0.1062583
-0.06566904 -0.2021121 0.1062582
0 0 0.2376001
-0.2125153 0 0.1062582
0.1719273 -0.1249111 0.1062582
0 0 0.2376001
-0.06566904 -0.2021121 0.1062582
0.1719273 0.1249111 0.1062582
0 0 0.2376001
0.1719273 -0.1249111 0.1062582
-0.06566904 0.2021121 0.1062582
0 0 0.2376001
0.1719273 0.1249111 0.1062582
-0.2125153 0 0.1062582
0 0 0.2376001
-0.06566904 0.2021121 0.1062582
-0.03271345 0.1815251 -0.04958719
-0.08705565 0.2679275 -0.05380324
-0.05898108 0.1815251 -0.007083888
-0.05898108 0.1815251 -0.007083888
-0.08705565 0.2679275 -0.05380324
-0.08023272 0.1660849 -0.04958719
-0.08023272 0.1660849 -0.04958719
-0.08705565 0.2679275 -0.05380324
-0.03271345 0.1815251 -0.04958719
0.1625329 0.08720618 -0.04958719
0.2252315 0.1636407 -0.05316996
0.1544153 0.1121884 -0.007083888
0.1331636 -0.1276286 -0.04958719
0.2463385 -0.1789762 -0.05815257
0.1544153 -0.1121884 -0.007083888
-0.08023272 -0.166085 -0.04958719
-0.08393706 -0.2583375 -0.0518755
-0.05898108 -0.1815251 -0.007083888
-0.1827508 0.02498221 -0.04958719
-0.273621 0 -0.05225772
-0.1908684 0 -0.007083888
-0.1908684 0 -0.007083888
-0.273621 0 -0.05225772
-0.1827508 -0.02498223 -0.04958719
-0.1827508 -0.02498223 -0.04958719
-0.273621 0 -0.05225772
-0.1827508 0.02498221 -0.04958719
-0.05898108 -0.1815251 -0.007083888
-0.08393706 -0.2583375 -0.0518755
-0.03271345 -0.1815251 -0.04958719
-0.03271345 -0.1815251 -0.04958719
-0.08393706 -0.2583375 -0.0518755
-0.08023272 -0.166085 -0.04958719
0.1544153 -0.1121884 -0.007083888
0.2463385 -0.1789762 -0.05815257
0.1625329 -0.08720618 -0.04958719
0.1625329 -0.08720618 -0.04958719
0.2463385 -0.1789762 -0.05815257
0.1331636 -0.1276286 -0.04958719
0.1544153 0.1121884 -0.007083888
0.2252315 0.1636407 -0.05316996
0.1331636 0.1276286 -0.04958719
0.1331636 0.1276286 -0.04958719
0.2252315 0.1636407 -0.05316996
0.1625329 0.08720618 -0.04958719
0.1827508 -0.02498222 0.04958718
0.2917489 0 0.05571987
0.1827508 0.02498221 0.04958718
0.08023278 0.1660849 0.04958718
0.09230874 0.2840944 0.05704965
0.0327135 0.1815251 0.04958718
-0.1331636 0.1276286 0.04958718
-0.2303435 0.1673549 0.0543767
-0.1625329 0.08720618 0.04958718
-0.1625329 -0.08720618 0.04958718
-0.228935 -0.1663316 0.05404422
-0.1331636 -0.1276286 0.04958718
0.0327135 -0.1815251 0.04958718
0.08318902 -0.2560273 0.05141353
0.08023278 -0.166085 0.04958718
0.08023278 -0.166085 0.04958718
0.08318902 -0.2560273 0.05141353
0.05898113 -0.1815251 0.007083875
0.05898113 -0.1815251 0.007083875
0.08318902 -0.2560273 0.05141353
0.0327135 -0.1815251 0.04958718
0.1827508 0.02498221 0.04958718
0.2917489 0 0.05571987
0.1908684 0 0.007083875
0.1908684 0 0.007083875
0.2917489 0 0.05571987
0.1827508 -0.02498222 0.04958718
0.0327135 0.1815251 0.04958718
0.09230874 0.2840944 0.05704965
0.05898113 0.1815251 0.007083875
0.05898113 0.1815251 0.007083875
0.09230874 0.2840944 0.05704965
0.08023278 0.1660849 0.04958718
-0.1544152 0.1121884 0.007083875
-0.2303435 0.1673549 0.0543767
-0.1331636 0.1276286 0.04958718
-0.1625329 0.08720618 0.04958718
-0.2303435 0.1673549 0.0543767
-0.1544152 0.1121884 0.007083875
-0.1331636 -0.1276286 0.04958718
-0.228935 -0.1663316 0.05404422
-0.1544152 -0.1121884 0.007083875
-0.1544152 -0.1121884 0.007083875
-0.228935 -0.1663316 0.05404422
-0.1625329 -0.08720618 0.04958718
-0.1719273 0.1249111 -0.1062583
-0.1827508 0.02498221 -0.04958719
-0.1908684 0 -0.007083888
-0.2125153 0 0.1062582
-0.1719273 -0.1249111 -0.1062583
-0.08023272 -0.166085 -0.04958719
-0.05898108 -0.1815251 -0.007083888
-0.06566904 -0.2021121 0.1062582
0.0656691 -0.2021121 -0.1062583
0.1544153 -0.1121884 -0.007083888
0.1719273 -0.1249111 0.1062582
0.1331636 -0.1276286 -0.04958719
0.2125154 0 -0.1062583
0.1625329 -0.08720618 -0.04958719
0.2125154 0 -0.1062583
0.1625329 0.08720618 -0.04958719
0.1544153 0.1121884 -0.007083888
0.1719273 0.1249111 0.1062582
0.0656691 0.2021121 -0.1062583
-0.03271345 0.1815251 -0.04958719
-0.05898108 0.1815251 -0.007083888
-0.06566904 0.2021121 0.1062582
-0.06566904 -0.2021121 0.1062582
0.0327135 -0.1815251 0.04958718
0.08023278 -0.166085 0.04958718
0.1719273 -0.1249111 0.1062582
0.1719273 0.1249111 0.1062582
0.08023278 0.1660849 0.04958718
0.0327135 0.1815251 0.04958718
-0.06566904 0.2021121 0.1062582
-0.06566904 0.2021121 0.1062582
-0.05898108 0.1815251 -0.007083888
-0.08023272 0.1660849 -0.04958719
-0.1719273 0.1249111 -0.1062583
-0.1719273 0.1249111 -0.1062583
-0.08023272 0.1660849 -0.04958719
-0.03271345 0.1815251 -0.04958719
0.0656691 0.2021121 -0.1062583
0.1719273 0.1249111 0.1062582
0.1544153 0.1121884 -0.007083888
0.1331636 0.1276286 -0.04958719
0.0656691 0.2021121 -0.1062583
0.1625329 0.08720618 -0.04958719
0.2125154 0 -0.1062583
0.1719273 -0.1249111 0.1062582
0.1544153 -0.1121884 -0.007083888
0.1625329 -0.08720618 -0.04958719
0.2125154 0 -0.1062583
-0.06566904 -0.2021121 0.1062582
-0.05898108 -0.1815251 -0.007083888
-0.03271345 -0.1815251 -0.04958719
0.0656691 -0.2021121 -0.1062583
0.0656691 -0.2021121 -0.1062583
-0.03271345 -0.1815251 -0.04958719
-0.08023272 -0.166085 -0.04958719
-0.1719273 -0.1249111 -0.1062583
-0.2125153 0 0.1062582
-0.1908684 0 -0.007083888
-0.1827508 -0.02498223 -0.04958719
-0.1719273 -0.1249111 -0.1062583
-0.1719273 -0.1249111 -0.1062583
-0.1827508 -0.02498223 -0.04958719
-0.1827508 0.02498221 -0.04958719
-0.1719273 0.1249111 -0.1062583
-0.06566904 0.2021121 0.1062582
0.0327135 0.1815251 0.04958718
0.05898113 0.1815251 0.007083875
0.0656691 0.2021121 -0.1062583
0.08023278 0.1660849 0.04958718
0.1719273 0.1249111 0.1062582
0.1719273 -0.1249111 0.1062582
0.08023278 -0.166085 0.04958718
0.05898113 -0.1815251 0.007083875
0.0656691 -0.2021121 -0.1062583
0.0327135 -0.1815251 0.04958718
-0.06566904 -0.2021121 0.1062582
-0.06566904 -0.2021121 0.1062582
-0.1544152 -0.1121884 0.007083875
-0.1719273 -0.1249111 -0.1062583
-0.1331636 -0.1276286 0.04958718
-0.1625329 -0.08720618 0.04958718
-0.2125153 0 0.1062582
-0.1719273 0.1249111 -0.1062583
-0.1544152 0.1121884 0.007083875
-0.1331636 0.1276286 0.04958718
-0.06566904 0.2021121 0.1062582
-0.2125153 0 0.1062582
-0.1625329 0.08720618 0.04958718
0.1719273 0.1249111 0.1062582
0.1908684 0 0.007083875
0.2125154 0 -0.1062583
0.1827508 0.02498221 0.04958718
0.1827508 -0.02498222 0.04958718
0.1719273 -0.1249111 0.1062582
0 1 2 3 4 5 6 7 8 9 10 11 12 13 14 15 16 17 18 19 20 21 22 23 24 25 26 27 28 29 30 31 32 33 34 35 36 37 38 39 40 41 42 43 44 45 46 47 48 49 50 51 52 53 54 55 56 57 58 59 60 61 62 63 64 65 66 67 68 69 70 71 72 73 74 75 76 77 78 79 80 81 82 83 84 85 86 87 88 89 90 91 92 93 94 95 96 97 98 99 100 101 102 103 104 105 106 107 108 109 110 111 112 113 114 115 116 117 118 119 120 121 122 120 122 123 124 125 126 124 126 127 128 129 130 128 131 129 132 131 128 132 133 131 134 135 136 134 136 137 138 139 140 138 140 141 142 143 144 142 144 145 146 147 148 146 148 149 150 151 152 150 152 153 154 155 156 154 156 157 158 159 160 158 160 161 161 160 162 161 162 163 164 165 166 164 166 167 168 169 170 168 170 171 172 173 174 172 174 175 176 177 178 176 178 179 180 181 182 180 182 183 184 185 186 184 186 187 187 186 188 187 188 189 190 191 192 190 192 193 193 192 194 193 194 195 196 197 198 196 199 197 198 197 200 201 199 196 198 200 201 201 200 199 202 203 204 202 204 205 206 203 202 205 204 207 205 207 206 206 207 203 208 209 210 208 211 209 210 209 212 213 211 208 210 212 213 213 212 211
